6
1
6
0
0
0
0
7
1
7
0
0
0
6
9
4
0
1
6
8
1
9
1
7
4
1
5
5
0
8
0
0
6
4
2
9
0
8
6
0
6
6
4
7
0
5
0
0
5
4
5
4
6
7
6
6
0
6
6
5
6
0
2
4
2
7
5
5
6
5
0
0
1
5
3
1
7
5
6
0
0
5
1
5
4
0
4
0
0
1
5
5
2
6
2
6
6
4
0
6
5
5
2
6
5
5
0
4
4
6
0
1
4
5
6
5
4
5
5
6
0
5
0
6
0
5
7
5
4
6
4
0
0
8
0
0
5
6
0
5
5
2
6
7
4
4
5
5
6
2
6
1
8
8
4
5
2
2
5
2
9
1
2
5
3
6
6
7
0
5
4
0
5
6
0
6
1
6
0
6
7
5
5
5
5
4
6
0
6
6
4
1
0
1
0
7
0
0
0
4
6
6
0
0
5
1
0
0
4
6
0
2
0
0
0
6
6
5
6
8
0
8
5
5
6
0
5
0
5
6
0
6
0
6
1
1
2
5
4
8
2
4
5
6
6
6
0
4
5
6
8
5
6
1
4
0
5
5
4
6
5
2
7
2
9
6
8
0
5
0
5
5
1
5
0
5
0
5
6
1
4
0
6
4
4
5
6
5
5
2
5
5
6
6
5
4
2
0
0
0
5
1
0
0
5
0
1
4
0
5
5
0
5
5
6
1
5
5
0
6
4
0
3
5
5
6
0
0
0
5
1
0
6
5
6
5
1
6
6
6
5
5
5
0
4
6
0
0
5
4
4
5
7
6
6
5
8
5
5
5
5
5
7
1
0
6
0
2
1
0
4
1
6
0
0
4
0
5
3
0
6
0
0
1
9
0
5
6
5
5
6
2
6
7
7
6
0
6
1
3
6
6
4
6
6
0
5
8
5
0
4
4
4
6
1
